0.614931 0.859837 0.022504
1.13665 0.976867 0.0387571
1.43082 1.20363 0.0561602
2.25542 1.38142 0.0419401
2.34 1.48949 0.0425789
2.38374 1.57869 0.0332896
2.26839 1.36085 0.0672426
2.31199 1.56144 0.0618254
2.36662 1.5615 0.0291504
2.32289 1.56973 0.0539335
2.3237 1.50826 0.0475548
2.17851 1.47537 0.0529343
2.31817 1.39319 0.048869
2.4192 1.62045 0.0254779
2.24753 1.57303 0.0360851
2.27302 1.61175 0.0447851
2.29259 1.63626 0.077589
2.41984 1.44497 0.0290123
2.41995 1.49575 0.0379874
2.34904 1.65005 0.0466105
2.32771 1.39691 0.0423089
2.08405 1.71757 0.0326568
2.30829 1.45108 0.0428166
2.24824 1.64956 0.0291705
2.16145 1.57136 0.0466038
2.24279 1.68095 0.043393
2.25368 1.59391 0.038865
2.26377 1.69395 0.0335565
2.41606 1.6579 0.0545881
2.21002 1.54585 0.0516724
2.27776 1.5235 0.0584819
2.24202 1.64461 0.0655149
2.31062 1.55369 0.0287426
2.38836 1.55709 0.0339765
2.44479 1.61129 0.0798653
2.34025 1.64916 0.0701621
2.35873 1.46441 0.025648
2.39836 1.55582 0.0427497
2.39836 1.55582 0.027436
2.46036 1.50385 0.0628512
2.43037 1.67188 0.0301906
2.41876 1.63098 0.0419273
2.45857 1.57538 0.0494571
2.36513 1.55082 0.0445064
2.36447 1.67749 0.0357508
2.30724 1.80181 0.0460489
2.21646 1.69089 0.0680656
2.37668 1.87885 0.0854531
2.45388 1.78081 0.0381938
2.17173 1.84954 0.0354146
2.28623 1.74481 0.0600767
2.35303 1.67424 0.0262451
2.50865 2.05787 0.0444705
2.5676 2.08933 0.0496991
2.42228 2.26091 0.052559
2.45863 2.33277 0.0579339
2.48238 2.15044 0.0552543
2.55494 2.19035 0.0434817
2.45762 2.36598 0.059215
2.36221 2.39296 0.0443898
2.41536 2.43894 0.0244919
2.26727 2.41372 0.0474132
2.35105 2.39886 0.0816896
2.57418 2.4768 0.0527905
2.4718 2.43121 0.0368507
2.30153 2.45444 0.0492631
2.38313 2.51419 0.0633408
2.51581 2.56987 0.0291592
2.46857 2.77692 0.0513758
2.39541 2.7766 0.0109125
2.4253 2.57617 0.0942602
2.39133 2.79175 0.0490044
2.54981 2.68708 0.0463876
2.28746 2.82638 0.0773654
2.48827 2.99619 0.036749
2.50597 2.95957 0.0814416
2.40625 3.02261 0.0429776
2.47728 3.13029 0.025052
2.65518 3.23913 0.106697
2.49217 3.28988 0.0698942
2.38477 3.37924 0.0406263
2.58887 3.28627 0.033092
2.63488 3.43662 0.0875006
2.66815 3.38836 0.0666199
2.50461 3.48123 0.0510462
2.50461 3.48123 0.0599188
2.45172 3.41415 0.0382252
2.519 3.45307 0.0365985
2.40012 3.52547 0.0495746
2.6617 3.72503 0.0288427
2.712 3.75598 0.02552
2.44942 3.59211 0.0466562
2.42338 3.92426 0.0516403
2.5404 3.71584 0.0510496
2.48697 3.83055 0.0438417
2.59579 3.60725 0.0571544
2.52916 3.97053 0.0276754
2.79041 3.85092 0.0716165
2.63522 3.80534 0.0616938
2.62507 3.88811 0.0443748
2.62507 3.88811 0.0561883
2.72343 3.95298 0.0682797
2.65379 3.96527 0.0668219
2.65379 3.96527 0.0277775
2.63168 4.00526 0.0649967
2.52158 4.11941 0.0479305
2.51955 4.25383 0.0573028
2.51955 4.25383 0.0300594
2.53193 4.32738 0.0475512
2.58744 4.3351 0.02723
2.65264 4.24197 0.0244545
2.47654 4.38319 0.0516497
2.53157 4.36098 0.0584211
2.59652 4.47553 0.0328403
2.67108 4.4894 0.0323523
2.73249 4.45702 0.0500669
2.68014 4.41915 0.0293954
2.73577 4.50008 0.0532884
2.7585 4.34363 0.0429057
2.70834 4.46393 0.0635333
2.75754 4.5239 0.0525862
2.70109 4.48601 0.056887
2.72184 4.68022 0.0754204
2.75052 4.69485 0.068385
2.75052 4.69485 0.056376
2.74883 4.71517 0.0699295
2.74883 4.71517 0.0380266
2.76791 4.91202 0.0332579
2.71993 4.94555 0.0418191
2.66315 4.883 0.0417806
2.6866 4.81773 0.0493403
2.81838 4.92236 0.0537599
2.62702 4.98347 0.0436215
2.80047 4.9929 0.0570957
2.72492 4.98971 0.0390125
2.67141 5.10874 0.0436057
2.67264 5.16419 0.0426451
2.75712 5.13696 0.0501376
2.79717 5.28578 0.0143232
2.63433 5.11568 0.0436068
2.73763 5.19209 0.0145563
2.73468 5.42883 0.0502505
2.70183 5.375 0.0353711
2.83366 5.20673 0.0393627
2.95092 5.35864 0.0411535
2.72642 5.45651 0.0258427
2.9244 5.28502 0.0324217
2.83357 5.50484 0.0497881
2.90638 5.35049 0.0411951
2.90567 5.52062 0.0348657
2.99145 5.62898 0.0483567
2.78306 5.46075 0.0645932
2.78525 5.56857 0.0303044
2.95518 5.53344 0.0308966
2.92198 5.57107 0.0396154
2.93532 5.60613 0.045245
2.79442 5.47759 0.0425396
2.93419 5.71187 0.0491391
2.96102 5.6248 0.0588031
2.86486 5.80738 0.053278
3.04436 5.82169 0.103009
2.92806 5.86422 0.0379702
2.96105 5.8544 0.0497386
2.97931 5.83412 0.0556207
2.94249 5.87971 0.0618991
2.85516 5.99613 0.0412998
2.84675 5.90266 0.0281067
2.79662 6.02059 0.0408058
2.93217 5.94277 0.0466296
2.87338 6.12154 0.0279973
2.87338 6.12154 0.0315475
2.92213 6.0801 0.0399933
2.92213 6.0801 0.0336725
2.89364 6.1662 0.0425449
2.85508 6.02676 0.0366559
2.98521 6.19235 0.0789468
2.75128 6.24113 0.0465328
2.75128 6.24113 0.0281437
2.83773 6.41573 0.0391955
3.00895 6.35495 0.0524065
3.00895 6.35495 0.0401832
2.88868 6.32168 0.0406955
2.99083 6.42477 0.0652569
3.0573 6.56196 0.0381962
2.98061 6.53627 0.0611939
2.98061 6.53627 0.0551769
3.01723 6.64421 0.0438005
3.10433 6.69688 0.0177676
3.016 6.75964 0.0366994
3.01206 6.7346 0.0433066
3.12057 6.7869 0.036413
2.91425 6.71435 0.0371204
3.01601 6.81801 0.0304913
3.07003 6.90001 0.0427031
2.86161 6.93484 0.0347046
3.21648 7.10284 0.0391641
3.14758 7.02923 0.0465289
3.00889 6.99021 0.0144847
3.0705 6.88335 0.048117
3.18135 6.95751 0.0351569
3.09258 6.98712 0.0424527
3.14571 7.05897 0.0525672
3.10512 7.04846 0.0604343
2.98163 7.05933 0.0544353
3.1585 7.14737 0.0393745
3.15596 7.05069 0.0274431
2.99228 7.18229 0.0389426
3.09713 7.12861 0.0338737
3.00417 7.36491 0.0300044
3.00814 7.32334 0.0509362
3.15206 7.42614 0.0563686
3.12528 7.50673 0.0479293
3.15072 7.355 0.0354204
3.16435 7.39622 0.0363681
3.10871 7.36468 0.0517198
3.21686 7.39684 0.0430397
3.16151 7.52567 0.0518427
3.15257 7.50782 0.0279969
3.12187 7.49367 0.0384141
3.12893 7.65563 0.0399745
3.21944 7.27963 0.085478
3.20971 7.52283 0.0330801
3.17583 7.70434 0.0269949
3.143 7.69042 0.0282835
3.10541 7.81517 0.0501083
3.27607 7.72127 0.0580981
3.12629 7.81813 0.0418496
3.29178 7.81163 0.0534094
3.31594 7.89106 0.0632266
3.36193 7.95064 0.0370383
3.10087 7.89695 0.0353995
3.12103 7.99937 0.0377485
3.23826 8.017 0.0165417
3.27397 8.041 0.0730479
3.27595 8.02029 0.0669751
3.35923 8.04681 0.0467697
3.24956 8.05903 0.0595973
3.19764 8.02763 0.0688673
3.33644 8.12576 0.0517995
3.3777 8.16245 0.0495855
3.30651 8.19267 0.0895844
3.45535 8.19949 0.0391738
3.38922 8.25091 0.0307443
3.37596 8.26643 0.122088
3.36346 8.42073 0.0461152
3.33699 8.35607 0.0371883
3.42433 8.449 0.0469181
3.42357 8.52208 0.0499456
3.316 8.38844 0.0484762
3.43196 8.44896 0.0151163
3.32679 8.46236 0.0402128
3.32101 8.57898 0.0427713
3.38547 8.57381 0.0281791
3.39241 8.5636 0.0432026
3.37306 8.59926 0.0229214
3.42146 8.65347 0.0597402
3.43265 8.7141 0.0279597
3.35937 8.67545 0.0404097
3.48017 8.70167 0.0707976
3.41839 8.78858 0.0576547
3.46489 8.7901 0.0428892
3.41835 8.81446 0.028932
3.45879 8.83878 0.0278794
3.36065 8.80762 0.0478943
3.28146 9.04227 0.0496215
3.42963 9.07497 0.0776806
3.37081 9.21466 0.101776
3.54745 9.08706 0.0417787
3.44639 9.01405 0.0483781
3.39017 9.22929 0.0475268
3.38317 9.22818 0.0291765
3.47707 9.25804 0.0257666
3.4832 9.19984 0.0604443
3.56513 9.25735 0.0276143
3.58036 9.35965 0.0719352
3.47529 9.17094 0.0457969
3.56906 9.17807 0.0143273
3.52028 9.29333 0.0658473
3.50415 9.32086 0.0420388
3.54592 9.34653 0.0403413
3.45121 9.31665 0.0277836
3.63033 9.20418 0.0416333
3.43857 9.3947 0.0385948
3.39529 9.39651 0.0403925
3.48763 9.14068 0.0250857
3.51566 9.21895 0.0463495
3.45999 9.22502 0.0378012
3.61832 9.25373 0.0614448
3.42448 9.281 0.0407997
3.50643 9.39637 0.02421
3.62155 9.28271 0.0423845
3.47014 9.3086 0.0437583
3.43683 9.3727 0.0591681
3.45121 9.29705 0.0172158
3.49882 9.29665 0.05137
3.54944 9.27493 0.0265784
3.45706 9.34625 0.0564338
3.40767 9.3402 0.0295329
3.45475 9.25436 0.0426629
3.48445 9.31651 0.0471119
3.54172 9.30529 0.0270846
3.6483 9.31418 0.0406991
3.43686 9.33815 0.0402689
3.3451 9.40177 0.0378317
3.33983 9.14704 0.0319222
3.64168 9.18754 0.026444
3.59051 9.43895 0.0384636
3.7381 9.26622 0.0263293
3.47005 9.48231 0.056444
3.67219 9.3137 0.0264504
3.55811 9.41055 0.0230942
3.47028 9.45132 0.0303146
3.49702 9.3591 0.0253419
3.55151 9.60652 0.0464272
3.48572 9.5118 0.0336441
3.4476 9.46052 0.0300954
3.40339 9.4926 0.0180231
3.5175 9.54801 0.0277514
3.5624 9.54947 0.074804
3.68632 9.48301 0.0433458
3.62607 9.49931 0.0261631
3.62607 9.49931 0.0267077
3.75574 9.59521 0.0319042
3.57932 9.67635 0.0571563
3.73223 9.76567 0.0641061
3.57256 9.56961 0.099676
3.69925 9.69098 0.0465142
3.49046 9.72404 0.0381853
3.54515 9.71339 0.0273348
3.44753 9.74686 0.0431514
3.44648 9.77806 0.0446491
3.64368 9.75918 0.0390075
3.63939 9.77689 0.0298335
3.38073 9.7244 0.0274155
3.50457 9.79131 0.045345
3.54471 9.84946 0.0464784
3.54326 9.83156 0.0420977
3.67382 9.77917 0.0276492
3.62731 9.78564 0.0256685
3.5171 9.76151 0.0475073
3.57596 9.98409 0.0806162
3.62133 9.86896 0.0488149
3.67615 9.85897 0.0765799
3.52343 9.89125 0.0271035
3.65344 10.1261 0.0409948
3.58151 10.0289 0.0535437
3.6084 10.0157 0.0364423
3.64413 10.2225 0.0340988
3.60989 10.1046 0.0892359
3.63192 10.1095 0.0372402
3.63192 10.1095 0.0448758
3.6081 10.1185 0.0471028
3.55001 10.1591 0.0764684
3.78166 10.3102 0.0453452
3.65205 10.1955 0.0530004
3.40855 10.324 0.0580829
3.49016 10.2918 0.0365648
3.69695 10.3323 0.0511653
3.55153 10.3985 0.0558656
3.68954 10.4127 0.0522102
3.64815 10.5346 0.0456386
3.57895 10.489 0.0376865
3.52765 10.6438 0.0683535
3.66262 10.7261 0.067388
3.57102 10.7086 0.0452358
3.57102 10.7086 0.0384924
3.57175 10.7892 0.0343883
3.5535 10.7452 0.0282833
3.59998 10.7012 0.0552711
3.535 10.4836 0.0388458
3.44537 10.5851 0.044535
3.59996 10.9069 0.0477368
3.31858 10.4724 0.0453237
3.37111 10.5209 0.0481526
3.43753 11.027 0.0357884
3.40965 10.6215 0.0548499
3.39951 10.5699 0.0310711
3.27525 10.633 0.0742158
3.23942 10.929 0.0591077
3.23942 10.929 0.044811
3.23873 11.1217 0.0662252
3.13456 10.868 0.0442792
3.09514 10.7323 0.0472877
3.21539 11.2073 0.0433358
3.39343 10.8612 0.0435237
3.17224 10.7841 0.0952871
2.95872 11.0963 0.101798
3.04083 10.7503 0.0354059
3.16459 10.9364 0.0744539
3.16779 11.2741 0.0497317
3.18594 10.7923 0.0484696
3.04978 11.0398 0.0604294
2.98642 11.3859 0.0337707
3.18215 11.0928 0.043152
3.21069 11.0148 0.0586066
2.99811 11.0749 0.0582209
3.09473 11.4383 0.0930424
3.05982 11.2384 0.0797992
3.05528 11.2404 0.0479162
3.19168 11.4438 0.0390697
3.07548 11.7524 0.0646827
3.11526 11.872 0.0475949
3.12065 11.8885 0.05438
2.94636 11.6202 0.0440652
2.90232 11.4578 0.0799595
2.82644 11.3971 0.0381546
2.72322 11.2807 0.0719616
2.68811 11.4 0.0719212
2.59877 11.4312 0.0474741
2.55595 11.4262 0.062321
2.45661 11.4387 0.0522587
2.56365 11.5615 0.0361213
2.44945 11.5055 0.0433884
2.23439 12.0257 0.0556186
2.30909 11.7035 0.0605061
2.46065 11.7792 0.0566487
2.68312 12.2636 0.0344341
2.68312 12.2636 0.0282421
2.47161 12.2363 0.0301023
2.73236 12.1788 0.0280323
2.46368 12.2533 0.0450168
2.46986 12.2785 0.0379404
2.36263 12.3163 0.0786967
2.39126 12.2787 0.0314227
2.46106 12.3707 0.0391882
2.46518 12.3765 0.036638
2.43224 12.3226 0.0262431
2.33323 12.4838 0.0422071
2.22516 12.4174 0.0709986
2.30777 12.4778 0.0439309
2.23557 12.4722 0.0269156
2.42363 12.5177 0.061666
2.28381 12.3772 0.0986105
2.20228 12.5087 0.0257288
2.13706 12.2881 0.0371658
2.15292 12.4283 0.0498956
2.17718 12.4447 0.0710587
2.02554 12.5156 0.0410566
2.02985 12.3296 0.0722268
2.04381 12.4983 0.0354075
1.8691 12.4796 0.0450899
1.86477 12.4954 0.0310089
1.85862 12.4108 0.0378789
1.83042 12.2785 0.0359403
1.80558 12.5666 0.0380367
1.7204 12.3892 0.022909
1.85345 12.6275 0.0280171
1.74927 12.4027 0.0781112
1.52462 12.5231 0.0449495
1.76209 12.3784 0.0267647
1.69563 12.531 0.0299277
1.43638 12.5428 0.0423623
1.57718 12.4949 0.0251128
1.38227 12.5944 0.0620446
1.53831 12.4677 0.0347231
1.45694 12.676 0.065328
1.56234 12.4669 0.0399938
1.37088 12.6863 0.0364957
1.45272 12.4689 0.0257045
1.44845 12.5659 0.0499088
